
0 0 0 3 0 0 0 0 6 
1 2 0 0 0 5 0 8 0 
5 0 0 0 0 8 0 2 9 
6 1 0 5 0 0 8 0 0 
0 0 0 6 0 1 0 0 0 
0 0 4 0 0 3 0 7 1 
7 9 0 8 0 0 0 0 5 
0 4 0 1 0 0 0 9 3 
3 0 0 0 0 9 0 0 0 

4 8 9 3 7 2 5 1 6 
1 2 3 9 6 5 4 8 7 
5 7 6 4 1 8 3 2 9 
6 1 2 5 9 7 8 3 4 
8 3 7 6 4 1 9 5 2 
9 5 4 2 8 3 6 7 1 
7 9 1 8 3 4 2 6 5 
2 4 8 1 5 6 7 9 3 
3 6 5 7 2 9 1 4 8 


0 0 0 3 0 0 0 0 6 
1 2 0 0 0 5 0 8 0 
5 0 0 0 0 8 0 2 9 
6 1 0 5 0 0 8 0 0 
0 0 0 6 0 1 0 0 0 
0 0 4 0 0 3 0 7 1 
7 9 0 8 0 0 0 0 5 
0 4 0 1 0 0 0 9 3 
3 0 0 0 0 9 0 0 0 
